  900.000000     1.377602     2.29219600     0.00000000     0.000000     0.000000
  895.000000     1.385298     2.29249881     0.00000000     0.000000     0.000000
  890.000000     1.393081     2.29280164     0.00000000     0.000000     0.000000
  885.000000     1.400951     2.29310449     0.00000000     0.000000     0.000000
  880.000000     1.408911     2.29340736     0.00000000     0.000000     0.000000
  875.000000     1.416962     2.29401316     0.00000000     0.000000     0.000000
  870.000000     1.425106     2.29431609     0.00000000     0.000000     0.000000
  865.000000     1.433343     2.29461904     0.00000000     0.000000     0.000000
  860.000000     1.441677     2.29492201     0.00000000     0.000000     0.000000
  855.000000     1.450108     2.29522500     0.00000000     0.000000     0.000000
  850.000000     1.458638     2.29583104     0.00000000     0.000000     0.000000
  845.000000     1.467269     2.29613409     0.00000000     0.000000     0.000000
  840.000000     1.476002     2.29643716     0.00000000     0.000000     0.000000
  835.000000     1.484841     2.29704336     0.00000000     0.000000     0.000000
  830.000000     1.493786     2.29734649     0.00000000     0.000000     0.000000
  825.000000     1.502839     2.29764964     0.00000000     0.000000     0.000000
  820.000000     1.512002     2.29825600     0.00000000     0.000000     0.000000
  815.000000     1.521279     2.29855921     0.00000000     0.000000     0.000000
  810.000000     1.530669     2.29916569     0.00000000     0.000000     0.000000
  805.000000     1.540176     2.29946896     0.00000000     0.000000     0.000000
  800.000000     1.549802     2.29977225     0.00000000     0.000000     0.000000
  795.000000     1.559550     2.30037889     0.00000000     0.000000     0.000000
  790.000000     1.569420     2.30068224     0.00000000     0.000000     0.000000
  785.000000     1.579417     2.30128900     0.00000000     0.000000     0.000000
  780.000000     1.589541     2.30189584     0.00000000     0.000000     0.000000
  775.000000     1.599796     2.30219929     0.00000000     0.000000     0.000000
  770.000000     1.610184     2.30280625     0.00000000     0.000000     0.000000
  765.000000     1.620708     2.30310976     0.00000000     0.000000     0.000000
  760.000000     1.631371     2.30371684     0.00000000     0.000000     0.000000
  755.000000     1.642175     2.30432400     0.00000000     0.000000     0.000000
  750.000000     1.653123     2.30493124     0.00000000     0.000000     0.000000
  745.000000     1.664217     2.30523489     0.00000000     0.000000     0.000000
  740.000000     1.675462     2.30584225     0.00000000     0.000000     0.000000
  735.000000     1.686860     2.30644969     0.00000000     0.000000     0.000000
  730.000000     1.698414     2.30705721     0.00000000     0.000000     0.000000
  725.000000     1.710127     2.30766481     0.00000000     0.000000     0.000000
  720.000000     1.722003     2.30827249     0.00000000     0.000000     0.000000
  715.000000     1.734045     2.30888025     0.00000000     0.000000     0.000000
  710.000000     1.746256     2.30948809     0.00000000     0.000000     0.000000
  705.000000     1.758641     2.31009601     0.00000000     0.000000     0.000000
  700.000000     1.771203     2.31070401     0.00000000     0.000000     0.000000
  695.000000     1.783945     2.31131209     0.00000000     0.000000     0.000000
  690.000000     1.796872     2.31192025     0.00000000     0.000000     0.000000
  685.000000     1.809988     2.31252849     0.00000000     0.000000     0.000000
  680.000000     1.823297     2.31313681     0.00000000     0.000000     0.000000
  675.000000     1.836803     2.31404944     0.00000000     0.000000     0.000000
  670.000000     1.850510     2.31465796     0.00000000     0.000000     0.000000
  665.000000     1.864424     2.31526656     0.00000000     0.000000     0.000000
  660.000000     1.878548     2.31617961     0.00000000     0.000000     0.000000
  655.000000     1.892889     2.31678841     0.00000000     0.000000     0.000000
  650.000000     1.907449     2.31770176     0.00000000     0.000000     0.000000
  645.000000     1.922236     2.31831076     0.00000000     0.000000     0.000000
  640.000000     1.937253     2.31922441     0.00000000     0.000000     0.000000
  635.000000     1.952507     2.31983361     0.00000000     0.000000     0.000000
  630.000000     1.968003     2.32074756     0.00000000     0.000000     0.000000
  625.000000     1.983747     2.32166169     0.00000000     0.000000     0.000000
  620.000000     1.999745     2.32257600     0.00000000     0.000000     0.000000
  615.000000     2.016003     2.32318564     0.00000000     0.000000     0.000000
  610.000000     2.032528     2.32410025     0.00000000     0.000000     0.000000
  605.000000     2.049326     2.32501504     0.00000000     0.000000     0.000000
  600.000000     2.066403     2.32593001     0.00000000     0.000000     0.000000
  595.000000     2.083768     2.32684516     0.00000000     0.000000     0.000000
  590.000000     2.101427     2.32776049     0.00000000     0.000000     0.000000
  585.000000     2.119388     2.32898121     0.00000000     0.000000     0.000000
  580.000000     2.137659     2.32989696     0.00000000     0.000000     0.000000
  575.000000     2.156247     2.33081289     0.00000000     0.000000     0.000000
  570.000000     2.175161     2.33172900     0.00000000     0.000000     0.000000
  565.000000     2.194411     2.33295076     0.00000000     0.000000     0.000000
  560.000000     2.214004     2.33386729     0.00000000     0.000000     0.000000
  555.000000     2.233950     2.33508961     0.00000000     0.000000     0.000000
  550.000000     2.254258     2.33600656     0.00000000     0.000000     0.000000
  545.000000     2.274939     2.33722944     0.00000000     0.000000     0.000000
  540.000000     2.296004     2.33845264     0.00000000     0.000000     0.000000
  535.000000     2.317462     2.33967616     0.00000000     0.000000     0.000000
  530.000000     2.339324     2.34090000     0.00000000     0.000000     0.000000
  525.000000     2.361604     2.34212416     0.00000000     0.000000     0.000000
  520.000000     2.384312     2.34334864     0.00000001     0.000000     0.000000
  515.000000     2.407460     2.34457344     0.00000001     0.000000     0.000000
  510.000000     2.431063     2.34579856     0.00000001     0.000000     0.000000
  505.000000     2.455133     2.34702400     0.00000001     0.000000     0.000000
  500.000000     2.479684     2.34824976     0.00000001     0.000000     0.000000
  495.000000     2.504731     2.34978241     0.00000001     0.000000     0.000000
  490.000000     2.530290     2.35100889     0.00000001     0.000000     0.000000
  485.000000     2.556375     2.35254244     0.00000001     0.000000     0.000000
  480.000000     2.583004     2.35376964     0.00000002     0.000000     0.000000
  475.000000     2.610194     2.35530409     0.00000002     0.000000     0.000000
  470.000000     2.637962     2.35683904     0.00000002     0.000000     0.000000
  465.000000     2.666327     2.35837449     0.00000003     0.000000     0.000000
  460.000000     2.695309     2.35960321     0.00000003     0.000000     0.000000
  455.000000     2.724927     2.36113956     0.00000004     0.000000     0.000000
  450.000000     2.755204     2.36267641     0.00000005     0.000000     0.000000
  445.000000     2.786162     2.36452129     0.00000006     0.000000     0.000000
  440.000000     2.817823     2.36605924     0.00000007     0.000000     0.000000
  435.000000     2.850211     2.36759769     0.00000009     0.000000     0.000000
  430.000000     2.883353     2.36913664     0.00000011     0.000000     0.000000
  425.000000     2.917275     2.37067609     0.00000013     0.000000     0.000000
  420.000000     2.952005     2.37252409     0.00000016     0.000000     0.000000
  415.000000     2.987571     2.37406464     0.00000020     0.000000     0.000000
  410.000000     3.024005     2.37560569     0.00000025     0.000000     0.000000
  405.000000     3.061338     2.37745561     0.00000032     0.000000     0.000000
  400.000000     3.099605     2.37899776     0.00000040     0.000000     0.000000
  395.000000     3.138840     2.38054041     0.00000051     0.000000     0.000000
  390.000000     3.179082     2.38239225     0.00000064     0.000000     0.000000
  385.000000     3.220369     2.38393600     0.00000083     0.000000     0.000000
  380.000000     3.262742     2.38548025     0.00000107     0.000000     0.000000
  375.000000     3.306245     2.38702500     0.00000139     0.000000     0.000000
  370.000000     3.350924     2.38857025     0.00000182     0.000000     0.000000
  365.000000     3.396827     2.39011600     0.00000240     0.000000     0.000000
  360.000000     3.444006     2.39166225     0.00000319     0.000000     0.000000
  355.000000     3.492513     2.39289961     0.00000428     0.000000     0.000000
  350.000000     3.542406     2.39444676     0.00000579     0.000000     0.000000
  345.000000     3.593745     2.39537529     0.00000789     0.000000     0.000000
  340.000000     3.646594     2.39661361     0.00001086     0.000000     0.000000
  335.000000     3.701021     2.39754256     0.00001509     0.000000     0.000000
  330.000000     3.757097     2.39847169     0.00002117     0.000000     0.000000
  325.000000     3.814898     2.39909121     0.00003001     0.000000     0.000000
  320.000000     3.874506     2.39940100     0.00004301     0.000000     0.000000
  315.000000     3.936006     2.39940100     0.00006234     0.000000     0.000000
  310.000000     3.999490     2.39940100     0.00009145     0.000000     0.000000
  305.000000     4.065056     2.39909121     0.00013584     0.000000     0.000000
  300.000000     4.132807     2.39816196     0.00020442     0.000000     0.000000
