  899.210000     1.378812     3.93030105     0.00903861     0.000000     0.000000
  897.670000     1.381178     3.93109405     0.00908037     0.000000     0.000000
  896.130000     1.383551     3.93149055     0.00912247     0.000000     0.000000
  894.580000     1.385949     3.93188707     0.00916457     0.000000     0.000000
  893.040000     1.388339     3.93228361     0.00920707     0.000000     0.000000
  891.490000     1.390753     3.93268017     0.00924997     0.000000     0.000000
  889.950000     1.393159     3.93347340     0.00929335     0.000000     0.000000
  888.400000     1.395590     3.93387002     0.00933705     0.000000     0.000000
  886.850000     1.398029     3.93426666     0.00938116     0.000000     0.000000
  885.300000     1.400477     3.93466332     0.00942527     0.000000     0.000000
  883.750000     1.402933     3.93545674     0.00947026     0.000000     0.000000
  882.200000     1.405398     3.93585346     0.00951558     0.000000     0.000000
  880.650000     1.407871     3.93625019     0.00956090     0.000000     0.000000
  879.090000     1.410370     3.93704378     0.00960710     0.000000     0.000000
  877.540000     1.412861     3.93744057     0.00965322     0.000000     0.000000
  875.990000     1.415361     3.93783739     0.00969975     0.000000     0.000000
  874.430000     1.417886     3.93823422     0.00974667     0.000000     0.000000
  872.880000     1.420404     3.93902800     0.00979449     0.000000     0.000000
  871.320000     1.422947     3.93942489     0.00984223     0.000000     0.000000
  869.770000     1.425483     3.93982180     0.00989036     0.000000     0.000000
  868.210000     1.428044     3.94061574     0.00993940     0.000000     0.000000
  866.650000     1.430614     3.94101271     0.00998834     0.000000     0.000000
  865.090000     1.433194     3.94140970     0.01003768     0.000000     0.000000
  863.530000     1.435783     3.94220380     0.01008793     0.000000     0.000000
  861.970000     1.438382     3.94260084     0.01013808     0.000000     0.000000
  860.410000     1.440990     3.94339506     0.01018914     0.000000     0.000000
  858.850000     1.443607     3.94379216     0.01024009     0.000000     0.000000
  857.290000     1.446234     3.94418929     0.01029145     0.000000     0.000000
  855.730000     1.448871     3.94498366     0.01034413     0.000000     0.000000
  854.170000     1.451517     3.94538084     0.01039629     0.000000     0.000000
  852.600000     1.454190     3.94617533     0.01044978     0.000000     0.000000
  851.040000     1.456855     3.94657257     0.01050315     0.000000     0.000000
  849.470000     1.459548     3.94736718     0.01055706     0.000000     0.000000
  847.910000     1.462233     3.94776448     0.01061124     0.000000     0.000000
  846.340000     1.464946     3.94816180     0.01066622     0.000000     0.000000
  844.780000     1.467651     3.94895656     0.01072174     0.000000     0.000000
  843.210000     1.470383     3.94935394     0.01077753     0.000000     0.000000
  841.640000     1.473126     3.95014882     0.01083386     0.000000     0.000000
  840.080000     1.475862     3.95054625     0.01089046     0.000000     0.000000
  838.510000     1.478625     3.95134126     0.01094801     0.000000     0.000000
  836.940000     1.481399     3.95173875     0.01100581     0.000000     0.000000
  835.370000     1.484183     3.95253387     0.01106457     0.000000     0.000000
  833.800000     1.486978     3.95332907     0.01112374     0.000000     0.000000
  832.230000     1.489783     3.95372665     0.01118276     0.000000     0.000000
  830.660000     1.492599     3.95452197     0.01124275     0.000000     0.000000
  829.090000     1.495425     3.95491961     0.01130298     0.000000     0.000000
  827.520000     1.498262     3.95571505     0.01136418     0.000000     0.000000
  825.940000     1.501128     3.95611275     0.01142561     0.000000     0.000000
  824.370000     1.503987     3.95690830     0.01148803     0.000000     0.000000
  822.800000     1.506857     3.95770393     0.01155085     0.000000     0.000000
  821.230000     1.509738     3.95810173     0.01161391     0.000000     0.000000
  819.650000     1.512648     3.95889748     0.01167795     0.000000     0.000000
  818.080000     1.515551     3.95969330     0.01174240     0.000000     0.000000
  816.500000     1.518484     3.96009120     0.01180707     0.000000     0.000000
  814.930000     1.521409     3.96088714     0.01187314     0.000000     0.000000
  813.350000     1.524365     3.96168316     0.01193961     0.000000     0.000000
  811.780000     1.527313     3.96208115     0.01200590     0.000000     0.000000
  810.200000     1.530291     3.96287729     0.01207360     0.000000     0.000000
  808.630000     1.533262     3.96367351     0.01214170     0.000000     0.000000
  807.050000     1.536264     3.96407160     0.01221001     0.000000     0.000000
  805.470000     1.539278     3.96486793     0.01227933     0.000000     0.000000
  803.890000     1.542303     3.96566435     0.01234947     0.000000     0.000000
  802.320000     1.545321     3.96646084     0.01242041     0.000000     0.000000
  800.740000     1.548370     3.96725741     0.01249177     0.000000     0.000000
  799.160000     1.551431     3.96765566     0.01256331     0.000000     0.000000
  797.580000     1.554505     3.96845235     0.01263629     0.000000     0.000000
  796.000000     1.557590     3.96924912     0.01270968     0.000000     0.000000
  794.420000     1.560688     3.97004596     0.01278388     0.000000     0.000000
  792.840000     1.563798     3.97084288     0.01285849     0.000000     0.000000
  791.260000     1.566921     3.97124131     0.01293367     0.000000     0.000000
  789.680000     1.570056     3.97203835     0.01300991     0.000000     0.000000
  788.100000     1.573204     3.97283546     0.01308655     0.000000     0.000000
  786.520000     1.576364     3.97363266     0.01316441     0.000000     0.000000
  784.940000     1.579537     3.97442993     0.01324269     0.000000     0.000000
  783.360000     1.582723     3.97522728     0.01332217     0.000000     0.000000
  781.780000     1.585922     3.97602471     0.01340207     0.000000     0.000000
  780.190000     1.589154     3.97682221     0.01348279     0.000000     0.000000
  778.610000     1.592379     3.97761980     0.01356431     0.000000     0.000000
  777.030000     1.595617     3.97841746     0.01364665     0.000000     0.000000
  775.450000     1.598868     3.97921520     0.01372941     0.000000     0.000000
  773.860000     1.602153     3.98001301     0.01381338     0.000000     0.000000
  772.280000     1.605431     3.98081091     0.01389816     0.000000     0.000000
  770.700000     1.608722     3.98160888     0.01398336     0.000000     0.000000
  769.110000     1.612048     3.98240693     0.01406978     0.000000     0.000000
  767.530000     1.615366     3.98320506     0.01415701     0.000000     0.000000
  765.940000     1.618719     3.98400327     0.01424505     0.000000     0.000000
  764.360000     1.622065     3.98480155     0.01433391     0.000000     0.000000
  762.770000     1.625447     3.98559991     0.01442359     0.000000     0.000000
  761.190000     1.628821     3.98639835     0.01451448     0.000000     0.000000
  759.600000     1.632230     3.98759623     0.01460652     0.000000     0.000000
  758.020000     1.635632     3.98839487     0.01469906     0.000000     0.000000
  756.430000     1.639070     3.98919358     0.01479240     0.000000     0.000000
  754.850000     1.642501     3.98999236     0.01488697     0.000000     0.000000
  753.260000     1.645968     3.99079123     0.01498195     0.000000     0.000000
  751.680000     1.649428     3.99198976     0.01507891     0.000000     0.000000
  750.090000     1.652924     3.99278882     0.01517633     0.000000     0.000000
  748.500000     1.656436     3.99358796     0.01527417     0.000000     0.000000
  746.920000     1.659939     3.99438717     0.01537363     0.000000     0.000000
  745.330000     1.663481     3.99558623     0.01547428     0.000000     0.000000
  743.740000     1.667037     3.99638563     0.01557579     0.000000     0.000000
  742.160000     1.670586     3.99718512     0.01567771     0.000000     0.000000
  740.570000     1.674173     3.99838459     0.01578204     0.000000     0.000000
  738.980000     1.677775     3.99918426     0.01588601     0.000000     0.000000
  737.390000     1.681392     3.99998402     0.01599160     0.000000     0.000000
  735.810000     1.685003     4.00118390     0.01609881     0.000000     0.000000
  734.220000     1.688652     4.00198384     0.01620645     0.000000     0.000000
  732.630000     1.692317     4.00318401     0.01631612     0.000000     0.000000
  731.040000     1.695997     4.00398415     0.01642581     0.000000     0.000000
  729.450000     1.699694     4.00518462     0.01653754     0.000000     0.000000
  727.870000     1.703384     4.00598495     0.01664968     0.000000     0.000000
  726.280000     1.707113     4.00718571     0.01676387     0.000000     0.000000
  724.690000     1.710858     4.00798623     0.01687846     0.000000     0.000000
  723.100000     1.714620     4.00918728     0.01699472     0.000000     0.000000
  721.510000     1.718399     4.00998799     0.01711176     0.000000     0.000000
  719.920000     1.722194     4.01118934     0.01723089     0.000000     0.000000
  718.330000     1.726006     4.01199024     0.01735039     0.000000     0.000000
  716.740000     1.729835     4.01319187     0.01747198     0.000000     0.000000
  715.150000     1.733681     4.01439368     0.01759481     0.000000     0.000000
  713.570000     1.737520     4.01519489     0.01771800     0.000000     0.000000
  711.980000     1.741400     4.01639699     0.01784370     0.000000     0.000000
  710.390000     1.745298     4.01759926     0.01797065     0.000000     0.000000
  708.800000     1.749213     4.01840078     0.01809793     0.000000     0.000000
  707.210000     1.753145     4.01960335     0.01822735     0.000000     0.000000
  705.620000     1.757096     4.02080608     0.01835841     0.000000     0.000000
  704.030000     1.761064     4.02200900     0.01849111     0.000000     0.000000
  702.440000     1.765050     4.02321208     0.01862506     0.000000     0.000000
  700.850000     1.769055     4.02401414     0.01875931     0.000000     0.000000
  699.260000     1.773077     4.02521751     0.01889654     0.000000     0.000000
  697.670000     1.777118     4.02642106     0.01903461     0.000000     0.000000
  696.080000     1.781177     4.02762479     0.01917473     0.000000     0.000000
  694.490000     1.785255     4.02882869     0.01931609     0.000000     0.000000
  692.900000     1.789352     4.03003276     0.01945950     0.000000     0.000000
  691.310000     1.793467     4.03123701     0.01960416     0.000000     0.000000
  689.720000     1.797602     4.03244143     0.01975047     0.000000     0.000000
  688.130000     1.801755     4.03364602     0.01989842     0.000000     0.000000
  686.540000     1.805928     4.03485079     0.02004803     0.000000     0.000000
  684.950000     1.810120     4.03605573     0.02019929     0.000000     0.000000
  683.350000     1.814359     4.03726084     0.02035220     0.000000     0.000000
  681.760000     1.818590     4.03886806     0.02050778     0.000000     0.000000
  680.170000     1.822841     4.04007358     0.02066441     0.000000     0.000000
  678.580000     1.827112     4.04127927     0.02082269     0.000000     0.000000
  676.990000     1.831404     4.04248513     0.02098302     0.000000     0.000000
  675.400000     1.835715     4.04369117     0.02114502     0.000000     0.000000
  673.810000     1.840047     4.04529963     0.02130972     0.000000     0.000000
  672.220000     1.844399     4.04650607     0.02147544     0.000000     0.000000
  670.630000     1.848772     4.04771268     0.02164322     0.000000     0.000000
  669.040000     1.853166     4.04932191     0.02181414     0.000000     0.000000
  667.450000     1.857580     4.05052893     0.02198564     0.000000     0.000000
  665.850000     1.862044     4.05173611     0.02215921     0.000000     0.000000
  664.260000     1.866501     4.05334612     0.02233595     0.000000     0.000000
  662.670000     1.870979     4.05455371     0.02251406     0.000000     0.000000
  661.080000     1.875479     4.05616425     0.02269496     0.000000     0.000000
  659.490000     1.880001     4.05737224     0.02287681     0.000000     0.000000
  657.900000     1.884545     4.05898333     0.02306227     0.000000     0.000000
  656.310000     1.889110     4.06059473     0.02324982     0.000000     0.000000
  654.720000     1.893698     4.06180335     0.02343830     0.000000     0.000000
  653.130000     1.898308     4.06341529     0.02363042     0.000000     0.000000
  651.530000     1.902970     4.06502753     0.02382503     0.000000     0.000000
  649.940000     1.907625     4.06623678     0.02402055     0.000000     0.000000
  648.350000     1.912304     4.06784956     0.02421974     0.000000     0.000000
  646.760000     1.917005     4.06946265     0.02442103     0.000000     0.000000
  645.170000     1.921729     4.07107605     0.02462522     0.000000     0.000000
  643.580000     1.926477     4.07268976     0.02483151     0.000000     0.000000
  641.990000     1.931248     4.07430378     0.02504070     0.000000     0.000000
  640.400000     1.936043     4.07591810     0.02525240     0.000000     0.000000
  638.800000     1.940892     4.07753273     0.02546660     0.000000     0.000000
  637.210000     1.945735     4.07914766     0.02568372     0.000000     0.000000
  635.620000     1.950603     4.08076290     0.02590334     0.000000     0.000000
  634.030000     1.955494     4.08237845     0.02612547     0.000000     0.000000
  632.440000     1.960410     4.08399430     0.02635092     0.000000     0.000000
  630.850000     1.965351     4.08561046     0.02657888     0.000000     0.000000
  629.260000     1.970317     4.08722693     0.02680976     0.000000     0.000000
  627.670000     1.975309     4.08884369     0.02704357     0.000000     0.000000
  626.070000     1.980357     4.09086528     0.02728164     0.000000     0.000000
  624.480000     1.985399     4.09248273     0.02752130     0.000000     0.000000
  622.890000     1.990467     4.09410049     0.02776429     0.000000     0.000000
  621.300000     1.995561     4.09612332     0.02801159     0.000000     0.000000
  619.710000     2.000681     4.09774176     0.02826085     0.000000     0.000000
  618.120000     2.005827     4.09976546     0.02851445     0.000000     0.000000
  616.530000     2.011000     4.10138459     0.02876999     0.000000     0.000000
  614.940000     2.016200     4.10340914     0.02903071     0.000000     0.000000
  613.340000     2.021460     4.10543418     0.02929439     0.000000     0.000000
  611.750000     2.026714     4.10705437     0.02955999     0.000000     0.000000
  610.160000     2.031995     4.10908027     0.02983080     0.000000     0.000000
  608.570000     2.037304     4.11110665     0.03010540     0.000000     0.000000
  606.980000     2.042641     4.11313350     0.03038337     0.000000     0.000000
  605.390000     2.048005     4.11475513     0.03066321     0.000000     0.000000
  603.800000     2.053398     4.11678283     0.03094874     0.000000     0.000000
  602.210000     2.058820     4.11881102     0.03123806     0.000000     0.000000
  600.610000     2.064305     4.12083969     0.03153077     0.000000     0.000000
  599.020000     2.069784     4.12286882     0.03182809     0.000000     0.000000
  597.430000     2.075292     4.12530465     0.03213038     0.000000     0.000000
  595.840000     2.080830     4.12733483     0.03243571     0.000000     0.000000
  594.250000     2.086398     4.12936550     0.03274485     0.000000     0.000000
  592.660000     2.091995     4.13139663     0.03305821     0.000000     0.000000
  591.070000     2.097623     4.13383487     0.03337782     0.000000     0.000000
  589.480000     2.103281     4.13586704     0.03369963     0.000000     0.000000
  587.890000     2.108969     4.13789969     0.03402647     0.000000     0.000000
  586.290000     2.114725     4.14033976     0.03435923     0.000000     0.000000
  584.700000     2.120475     4.14237345     0.03469454     0.000000     0.000000
  583.110000     2.126257     4.14481477     0.03503662     0.000000     0.000000
  581.520000     2.132071     4.14725678     0.03538337     0.000000     0.000000
  579.930000     2.137917     4.14969948     0.03573522     0.000000     0.000000
  578.340000     2.143794     4.15173533     0.03608997     0.000000     0.000000
  576.750000     2.149704     4.15417928     0.03645158     0.000000     0.000000
  575.160000     2.155647     4.15662391     0.03681828     0.000000     0.000000
  573.570000     2.161623     4.15906922     0.03719050     0.000000     0.000000
  571.970000     2.167670     4.16151522     0.03756742     0.000000     0.000000
  570.380000     2.173712     4.16396189     0.03795026     0.000000     0.000000
  568.790000     2.179789     4.16681750     0.03834010     0.000000     0.000000
  567.200000     2.185899     4.16926565     0.03873403     0.000000     0.000000
  565.610000     2.192044     4.17171448     0.03913307     0.000000     0.000000
  564.020000     2.198223     4.17457261     0.03954042     0.000000     0.000000
  562.430000     2.204438     4.17702291     0.03995138     0.000000     0.000000
  560.840000     2.210688     4.17988277     0.04037070     0.000000     0.000000
  559.250000     2.216973     4.18233454     0.04079361     0.000000     0.000000
  557.660000     2.223294     4.18519611     0.04122696     0.000000     0.000000
  556.070000     2.229651     4.18805864     0.04166265     0.000000     0.000000
  554.480000     2.236045     4.19092208     0.04210681     0.000000     0.000000
  552.880000     2.242516     4.19378644     0.04255946     0.000000     0.000000
  551.290000     2.248983     4.19665173     0.04301650     0.000000     0.000000
  549.700000     2.255488     4.19951794     0.04348205     0.000000     0.000000
  548.110000     2.262031     4.20238508     0.04395200     0.000000     0.000000
  546.520000     2.268612     4.20525314     0.04443047     0.000000     0.000000
  544.930000     2.275232     4.20853239     0.04491964     0.000000     0.000000
  543.340000     2.281890     4.21140243     0.04541108     0.000000     0.000000
  541.750000     2.288587     4.21468396     0.04591329     0.000000     0.000000
  540.160000     2.295324     4.21755595     0.04642183     0.000000     0.000000
  538.570000     2.302100     4.22083974     0.04694122     0.000000     0.000000
  536.980000     2.308917     4.22412476     0.04746510     0.000000     0.000000
  535.390000     2.315774     4.22741095     0.04800171     0.000000     0.000000
  533.800000     2.322671     4.23069837     0.04854284     0.000000     0.000000
  532.210000     2.329610     4.23398697     0.04909672     0.000000     0.000000
  530.610000     2.336635     4.23727678     0.04965514     0.000000     0.000000
  529.020000     2.343658     4.24097967     0.05022465     0.000000     0.000000
  527.430000     2.350723     4.24427201     0.05080453     0.000000     0.000000
  525.840000     2.357831     4.24797778     0.05139147     0.000000     0.000000
  524.250000     2.364982     4.25127267     0.05198875     0.000000     0.000000
  522.660000     2.372177     4.25498130     0.05259727     0.000000     0.000000
  521.070000     2.379415     4.25869146     0.05321457     0.000000     0.000000
  519.480000     2.386698     4.26240314     0.05384064     0.000000     0.000000
  517.890000     2.394026     4.26611635     0.05447550     0.000000     0.000000
  516.300000     2.401398     4.27024435     0.05512595     0.000000     0.000000
  514.710000     2.408817     4.27396073     0.05578672     0.000000     0.000000
  513.120000     2.416281     4.27809229     0.05645905     0.000000     0.000000
  511.530000     2.423791     4.28181188     0.05713751     0.000000     0.000000
  509.940000     2.431349     4.28594701     0.05783176     0.000000     0.000000
  508.350000     2.438953     4.29008403     0.05853494     0.000000     0.000000
  506.760000     2.446606     4.29422291     0.05925120     0.000000     0.000000
  505.170000     2.454306     4.29877832     0.05998346     0.000000     0.000000
  503.570000     2.462105     4.30292115     0.06072184     0.000000     0.000000
  501.980000     2.469903     4.30748091     0.06147631     0.000000     0.000000
  500.390000     2.477751     4.31204295     0.06224401     0.000000     0.000000
  498.800000     2.485650     4.31660725     0.06302495     0.000000     0.000000
  497.210000     2.493598     4.32117382     0.06381916     0.000000     0.000000
  495.620000     2.501598     4.32574264     0.06462665     0.000000     0.000000
  494.030000     2.509649     4.33031372     0.06544745     0.000000     0.000000
  492.440000     2.517752     4.33530349     0.06628475     0.000000     0.000000
  490.850000     2.525908     4.34029593     0.06713965     0.000000     0.000000
  489.260000     2.534117     4.34529111     0.06800382     0.000000     0.000000
  487.670000     2.542379     4.35028896     0.06888563     0.000000     0.000000
  486.080000     2.550695     4.35570692     0.06978428     0.000000     0.000000
  484.490000     2.559066     4.36071037     0.07069731     0.000000     0.000000
  482.900000     2.567492     4.36613441     0.07162731     0.000000     0.000000
  481.310000     2.575974     4.37156161     0.07257514     0.000000     0.000000
  479.720000     2.584512     4.37741044     0.07354016     0.000000     0.000000
  478.130000     2.593106     4.38326292     0.07452735     0.000000     0.000000
  476.540000     2.601758     4.38870014     0.07552056     0.000000     0.000000
  474.940000     2.610523     4.39497900     0.07654321     0.000000     0.000000
  473.350000     2.619292     4.40084253     0.07758034     0.000000     0.000000
  471.760000     2.628120     4.40712962     0.07863513     0.000000     0.000000
  470.170000     2.637008     4.41342091     0.07971235     0.000000     0.000000
  468.580000     2.645956     4.42013692     0.08081169     0.000000     0.000000
  466.990000     2.654965     4.42643696     0.08192555     0.000000     0.000000
  465.400000     2.664035     4.43358345     0.08306565     0.000000     0.000000
  463.810000     2.673168     4.44073536     0.08423278     0.000000     0.000000
  462.220000     2.682363     4.44789202     0.08549448     0.000000     0.000000
  460.630000     2.691622     4.45547527     0.08688464     0.000000     0.000000
  459.040000     2.700945     4.46306356     0.08840382     0.000000     0.000000
  457.450000     2.710333     4.47107973     0.09005658     0.000000     0.000000
  455.860000     2.719787     4.47910145     0.09184763     0.000000     0.000000
  454.270000     2.729306     4.48712869     0.09377309     0.000000     0.000000
  452.680000     2.738893     4.49558531     0.09585056     0.000000     0.000000
  451.080000     2.748608     4.50447246     0.09807648     0.000000     0.000000
  449.490000     2.758331     4.51294131     0.10045486     0.000000     0.000000
  447.900000     2.768122     4.52184119     0.10299124     0.000000     0.000000
  446.310000     2.777984     4.53117321     0.10569066     0.000000     0.000000
  444.720000     2.787916     4.54008599     0.10855657     0.000000     0.000000
  443.130000     2.797919     4.54943132     0.11159953     0.000000     0.000000
  441.540000     2.807995     4.55921036     0.11482046     0.000000     0.000000
  439.950000     2.818143     4.56899660     0.11822764     0.000000     0.000000
  438.360000     2.828365     4.57878986     0.12182164     0.000000     0.000000
  436.770000     2.838661     4.58858986     0.12560733     0.000000     0.000000
  435.180000     2.849033     4.59882514     0.12960422     0.000000     0.000000
  433.590000     2.859480     4.60906753     0.13380298     0.000000     0.000000
  431.990000     2.870071     4.61974647     0.13822358     0.000000     0.000000
  430.400000     2.880674     4.63043277     0.14286070     0.000000     0.000000
  428.810000     2.891355     4.64112590     0.14772799     0.000000     0.000000
  427.220000     2.902116     4.65225698     0.15283331     0.000000     0.000000
  425.630000     2.912957     4.66339502     0.15818375     0.000000     0.000000
  424.040000     2.923880     4.67453962     0.16378018     0.000000     0.000000
  422.450000     2.934885     4.68612325     0.16963992     0.000000     0.000000
  420.860000     2.945972     4.69771327     0.17576956     0.000000     0.000000
  419.270000     2.957145     4.70930910     0.18217441     0.000000     0.000000
  417.680000     2.968402     4.72134481     0.18886846     0.000000     0.000000
  416.080000     2.979816     4.73338612     0.19585335     0.000000     0.000000
  414.490000     2.991247     4.74543216     0.20314320     0.000000     0.000000
  412.900000     3.002766     4.75791854     0.21075315     0.000000     0.000000
  411.310000     3.014374     4.77040919     0.21868410     0.000000     0.000000
  409.720000     3.026071     4.78290306     0.22695037     0.000000     0.000000
  408.130000     3.037860     4.79583736     0.23556836     0.000000     0.000000
  406.540000     3.049742     4.80833519     0.24453577     0.000000     0.000000
  404.950000     3.061716     4.82171176     0.25388742     0.000000     0.000000
  403.360000     3.073785     4.83464963     0.26360446     0.000000     0.000000
  401.760000     3.086026     4.84802666     0.27372512     0.000000     0.000000
  400.170000     3.098288     4.86140203     0.28425262     0.000000     0.000000
  398.580000     3.110648     4.87477443     0.29519298     0.000000     0.000000
  396.990000     3.123106     4.88858447     0.30657936     0.000000     0.000000
  395.400000     3.135665     4.90194632     0.31839513     0.000000     0.000000
  393.810000     3.148325     4.91574354     0.33068358     0.000000     0.000000
  392.220000     3.161088     4.92953173     0.34344603     0.000000     0.000000
  390.630000     3.173955     4.94375390     0.35670932     0.000000     0.000000
  389.030000     3.187009     4.95751835     0.37046173     0.000000     0.000000
  387.440000     3.200088     4.97171345     0.38474691     0.000000     0.000000
  385.850000     3.213275     4.98589155     0.39956883     0.000000     0.000000
  384.260000     3.226571     4.99960238     0.41492456     0.000000     0.000000
  382.670000     3.239977     5.01373781     0.43086174     0.000000     0.000000
  381.080000     3.253495     5.02784754     0.44738721     0.000000     0.000000
  379.490000     3.267127     5.04237732     0.46455101     0.000000     0.000000
  377.890000     3.280960     5.05642675     0.48229709     0.000000     0.000000
  376.300000     3.294823     5.07044259     0.50063427     0.000000     0.000000
  374.710000     3.308804     5.08441513     0.51970040     0.000000     0.000000
  373.120000     3.322904     5.09789328     0.53938416     0.000000     0.000000
  371.530000     3.337125     5.11177753     0.55973496     0.000000     0.000000
  369.940000     3.351468     5.12515176     0.58084280     0.000000     0.000000
  368.350000     3.365935     5.13892600     0.60262490     0.000000     0.000000
  366.750000     3.380619     5.15218075     0.62516808     0.000000     0.000000
  365.160000     3.395339     5.16491235     0.64842700     0.000000     0.000000
  363.570000     3.410188     5.17757054     0.67243098     0.000000     0.000000
  361.980000     3.425167     5.19014771     0.69722849     0.000000     0.000000
  360.390000     3.440279     5.20217840     0.72283661     0.000000     0.000000
  358.800000     3.455524     5.21411971     0.74919632     0.000000     0.000000
  357.200000     3.471002     5.22550142     0.77636814     0.000000     0.000000
  355.610000     3.486522     5.23631594     0.80435160     0.000000     0.000000
  354.020000     3.502181     5.24655923     0.83310007     0.000000     0.000000
  352.430000     3.517981     5.25667641     0.86274202     0.000000     0.000000
  350.840000     3.533924     5.26574344     0.89315674     0.000000     0.000000
  349.250000     3.550013     5.27467292     0.92441929     0.000000     0.000000
  347.660000     3.566249     5.28253916     0.95640319     0.000000     0.000000
  346.060000     3.582737     5.28978635     0.98923777     0.000000     0.000000
  344.470000     3.599274     5.29641014     1.02287504     0.000000     0.000000
  342.880000     3.615965     5.30193924     1.05726719     0.000000     0.000000
  341.290000     3.632811     5.30636399     1.09240746     0.000000     0.000000
  339.700000     3.649814     5.31014794     1.12824468     0.000000     0.000000
  338.110000     3.666978     5.31281457     1.16477190     0.000000     0.000000
  336.520000     3.684304     5.31435478     1.20198117     0.000000     0.000000
  334.920000     3.701905     5.31522906     1.23987120     0.000000     0.000000
  333.330000     3.719563     5.31451181     1.27823515     0.000000     0.000000
  331.740000     3.737391     5.31218955     1.31710540     0.000000     0.000000
  330.150000     3.755390     5.30918924     1.35653776     0.000000     0.000000
  328.560000     3.773563     5.30459297     1.39626788     0.000000     0.000000
  326.970000     3.791914     5.29838306     1.43637335     0.000000     0.000000
  325.380000     3.810443     5.29104349     1.47671627     0.000000     0.000000
  323.780000     3.829273     5.28209972     1.51726704     0.000000     0.000000
  322.190000     3.848170     5.27156838     1.55787015     0.000000     0.000000
  320.600000     3.867255     5.25945497     1.59846287     0.000000     0.000000
  319.010000     3.886530     5.24577329     1.63893600     0.000000     0.000000
  317.420000     3.905998     5.23052460     1.67927312     0.000000     0.000000
  315.830000     3.925662     5.21374043     1.71927261     0.000000     0.000000
  314.240000     3.945526     5.19543290     1.75887221     0.000000     0.000000
  312.650000     3.965591     5.17562315     1.79796374     0.000000     0.000000
  311.050000     3.985989     5.15432634     1.83648570     0.000000     0.000000
  309.460000     4.006469     5.13112298     1.87415748     0.000000     0.000000
  307.870000     4.027161     5.10694530     1.91112622     0.000000     0.000000
  306.280000     4.048067     5.08091038     1.94707606     0.000000     0.000000
  304.690000     4.069192     5.05395861     1.98211673     0.000000     0.000000
  303.100000     4.090538     5.02568007     2.01597043     0.000000     0.000000
  301.510000     4.112109     4.99609149     2.04862694     0.000000     0.000000
